a = 0.0: z_1 = 1.0, z_2 = 1.0
a = 0.1: z_1 = 0.8176288094325201, z_2 = 0.8176288094325203
a = 2.5: z_1 = 6.905835092062675, z_2 = 6.905835092062672
a = 4.0: z_1 = -0.0731391814699924, z_2 = -0.07313918146999251
